360 73 637 73 637 95 360 95 兜勘砰评扑疽厌榨跨家
785 126 1009 123 1010 148 786 150 忱猾息卤蔑腮
539 158 798 158 798 183 539 183 循谤独冻奸忆捏
991 217 1202 217 1202 241 991 241 申督询举崎幽
828 285 950 285 950 305 828 305 柯烬文徐千妻低
232 326 346 326 346 348 232 348 苑糖九嘉阿录雪
1002 399 1235 399 1235 422 1002 422 场撅苗祟闺鞍旨
410 450 599 450 599 476 410 476 摩箍喧珠臂
228 506 354 506 354 526 228 526 菩瞪见桨蔗危朔泪漫
306 546 546 546 546 568 306 568 口巾蔓差！趟谅拒
493 614 712 614 712 636 493 636 雹止间料俭仕曙萎封渔
754 642 850 642 850 660 754 660 撕祸丰普
538 724 771 724 771 749 538 749 矢闰墓戍铣辟汀
